6972518265
6985703157
6986923728
6988294298
6993128402
6992598728
6977078719
6980717850
6986264516
6988713764
7163675144
7021181001
6989649563
6984133230
7225103147
6981815825
6997012394
7128921760
6983786237
6976537970
6978351677
6980496253
6980416107
6979589214
6985764515
6982137751
6984663843
6980817628
6983242226
6976806528
6989764317
6987748126
6987565281
6988348826
6976868993
6991973150
6985340179
6980876205
6983263919
6982996654
6985834981
6979831505
6984104950
6985190854
6983968907
6985783471
6981153527
6985538338
6985860867
6987936774
6983106788
6990180029
6989485699
6988589672
6989740947
6987624930
6989669549
7226506849
7191348808
7030171776
6993926430
6985741400
6988086227
6985628551
6991383273
6990894440
6989120241
6989191444
6993819613
6987615789
6994470095
6993662820
6990980360
6987419705
6983513453
6990943609
6989986468
6992155616
6985313553
6992968448
6990992661
6992221356
6987037299
6986535025
6992565212
7158253638
7182955753
6990521268
6991387527
6982811096
6983068101
6989787626
6984692074
6990604746
6989085970
6988721381
6991837926
6991332716
7222093629
7185068887
