15833182
16792103
17131234
16171353
16820448
17278486
16311980
16711336
17107045
17270132
16853802
17055257
16787436
16963808
17002154
16484539
16739513
16827665
16700693
17272396
16879872
16879073
16898699
16920420
16339100
17513153
16815446
17101577
16860220
17194274
16773631
16924752
17290630
16794923
17069788
16930935
16799788
17321525
17175991
17045068
17260827
17348851
16704594
16711461
17127411
16903657
17248724
17687846
16908191
16924614
17090263
17050513
16919985
16796838
16796391
16778114
17144541
17035184
16979812
16707009
16742008
16735764
16720465
16723220
16853665
17041516
17053344
16971112
17041086
16688753
16737976
16711912
16725710
17198677
16982968
17018239
17248596
16683013
17222305
17703555
16672965
16982863
17289815
17092834
16178889
17120857
16837696
17286239
16454855
16972746
17458856
16223849
17424319
16659382
17464897
16488237
17151905
16909430
17302270
17022360
17203499
17004992
16344428
17243452
16260840
17065411
16757616
17320770
16839994
17468118
16464110
17303450
16930837
17282068
17043838
16700809
16759532
17129020
16424576
16683880
17282722
16263467
17315633
17183151
17461710
16469640
17135637
16696486
16962243
17271610
17050767
17062712
17008627
16363058
17240773
16610010
17457062
16647405
16786437
17206230
17307151
17202320
17250219
17037453
17074993
17007350
16335219
17669629
16119053
17119831
16507347
17330496
16633573
16795601
17265197
17085109
16690307
16977112
17276526
17156964
17101142
16538554
17346760
17068834
16729213
16694425
17078399
17471395
16480922
17183103
16829518
17376124
17243706
16677657
17104931
17053806
16836228
17403361
16873681
17494441
16460436
17205081
16668360
17282421
17067392
17082417
16936150
16959240
16655985
17198625
16502979
17511792
16699127
16773389
17276442
17522653
16680876
17490076
17083138
16559570
17235404
16436352
16644660
17322515
16507059
17129528
16859672
17243370
16822013
17294910
16675694
16959389
16670691
17706810
16488173
16788257
16734873
16620596
17378580
17348763
16489133
17338340
16825991
17446583
16515194
17160937
16678204
16968755
16641045
17239008
16940525
16883355
16831857
16674945
16688574
17323345
16496548
17447666
16662133
17239721
16859576
17302487
16805865
16978469
16662777
17722216
16689449
17107503
16370859
17103664
16968648
16217434
17263327
16738229
17368384
16844197
17309566
16680983
17262076
16869053
16873861
17221066
16889675
16829430
17271453
16604796
17519048
16623466
16767102
17041362
17065532
17098713
16990936
16626825
16981119
16895923
17477606
17208159
16332142
17258116
16503157
17511544
16635829
16782660
17265169
17303766
16691207
16985260
16869636
17019532
17454632
17099925
17027358
16731584
16696170
16757082
16356528
16503645
17097918
16527248
17262027
16726113
16893881
17293575
17325855
16860668
17235615
16898821
17525977
17064271
16330932
16484008
17232322
16606342
17294528
16836867
17492578
16479264
17197318
16282961
16485893
16700477
16731716
17116953
17339563
17194128
16779119
17273074
16499833
17237052
16493248
17295191
16855515
17359468
16724507
16438327
17359761
16800061
16764508
16696027
16395472
16850086
17007490
16829713
17086391
16575902
16629606
17386306
16725226
16848164
17292656
16869784
17484675
16477102
17136919
16678734
16988251
16845200
16879230
17048214
16879722
16941487
16669294
16677654
16666926
16692124
16727622
17507328
16615617
17258925
16589263
16697821
17689860
16778770
16996860
16676786
17478873
16759439
16883022
16329698
16727466
16679552
16696260
17755474
16728586
16859542
16331598
16382000
17555917
16823273
17469080
16452580
17186794
16707063
17271094
16886457
16716813
17925726
16735930
16184159
16718889
16985002
16784916
17197115
17026334
16845186
17428191
16479629
17304697
16993076
16896565
17049207
16878781
16806928
16656003
16691182
16669062
16696084
16735178
16961712
16326458
17668319
16646048
16855669
17074655
17523912
16437474
17682337
16685293
16677280
17313642
17506334
17189412
16356685
16487381
17348281
17157004
17092817
16254983
17430340
16485217
17288090
17269479
16629257
16794341
17221865
17505619
16710939
16179125
17588196
17192689
17062609
16250574
16954186
16897292
17881221
16780547
16804453
17062410
17549631
17048797
16751407
16304645
16535297
16738199
16594354
17567174
16607023
17100243
16650304
17031654
17010911
16733884
17122444
17118071
17284757
16911874
16844728
17279466
16331912
16642893
16959416
16498313
16840483
17061123
16874003
17527230
16456782
17476620
16477314
17486549
16863119
16882229
16907703
16657010
16668854
16683922
16705088
16499804
16702406
17077141
17378588
17246270
17067149
16844834
17946747
16701824
16787685
17057714
17520198
16642766
17136678
17231528
17043168
16277804
16779938
17186880
17527394
16074361
16012395
16557130
17025896
17060617
16969228
17080170
16760225
16739653
16725344
16739376
18135190
16773432
16613557
17015147
17099566
17193608
16902147
17860587
16677393
16792251
17063739
16889736
16888272
16675432
16694093
16978369
17436517
16357329
16515896
16719996
17319089
16480155
16869439
17618606
16485341
17300572
16474129
17478718
16679257
17100312
16817033
16951813
16858058
16692732
16723339
17079822
17458119
17040144
16843968
16270980
17412729
16452283
17646356
16701360
16797972
17079739
17561118
16777989
17121413
17215935
17068960
17069474
16872568
16905684
16690168
16485367
17616607
16643059
16783193
17200005
17521115
16585080
17055940
17235319
17028614
16885695
17028229
16832971
16901475
16846427
16970044
16502542
17721924
16516816
17433490
16623352
17250881
16522935
16487313
16732195
16960382
17493936
17164319
16864262
16890337
16824123
16152535
17652610
16636717
16427908
17748012
16615656
17722092
16794581
16165655
16700679
16714324
16751735
17675872
16284363
16788370
16940383
17214388
16858160
17496221
16876639
16900894
16943344
16654721
16642829
16689334
16642115
16666839
16704247
16709661
16702132
16722185
16735982
16875465
16736410
17320228
16889740
16907464
16452509
17068656
16882495
17661991
16667076
17526043
16487885
17714645
16813811
16744901
16512896
16472672
16755181
16719693
17343926
16932821
16931855
16458197
17515419
16209110
17100404
17016080
17084994
16844386
17105879
16781638
16719752
16672748
16679931
16716248
16714614
16776709
17412602
17462839
15774608
17318238
16893356
16940809
16455612
17866684
17059534
16655226
16998235
17010526
17275160
16627182
17131392
16856004
17138069
16912817
16901384
16484307
17535965
16639812
17110651
16934716
17090747
16805691
16678060
16673719
16643633
16644056
16657633
16677633
16658994
16635846
16821924
16707128
16720822
16756049
16735957
16736434
16723349
17695291
16872943
16814027
16885802
16870004
16571630
16117665
16672803
17113688
17334970
16858769
17093130
16826527
16906336
16851975
16726528
16732998
17057306
17112157
17078734
16904080
16904395
16910171
16463057
17874701
17048490
16700348
16657789
17059325
17085465
17277052
16855359
17408547
17048405
16844294
16833880
16891721
16886856
16810578
16870924
16817362
16997364
16671356
16649439
17057174
16955273
17072880
16503641
16736079
16760711
16721777
16946783
17423687
16785997
17119901
16370985
17522972
16663139
17473855
16664269
17092486
16759099
16998268
17279053
16934689
17099439
16909793
16895449
16342661
17195958
17708155
16871666
16820995
17057662
16973846
16047253
17273755
16904069
17267238
15987364
16713026
16967819
17436338
16647271
17282434
16864876
17037919
16850865
16572017
16709707
17298041
16843292
17076495
16842129
16921288
17099214
16218527
17119823
16754256
16614312
16748825
16592284
17202808
17449650
17103701
16684882
16314364
17436579
16858562
17101362
16865033
16951823
17137927
16946855
17453808
16218293
17453816
16656992
17488463
16478425
17186547
16904041
17269684
16653836
17207178
16814312
16937497
17144964
16257039
17084243
16488499
17528086
16799665
17097232
17271624
17006268
16877750
16805083
16873147
16592405
16659380
17065408
16824719
16964164
17122468
16719478
16736852
17539505
16640698
17271340
16476737
17203812
16667245
17133385
17292311
17025059
17086871
16990150
16482944
17252007
16251144
17078964
16495456
17565018
16844915
17475857
16473550
17098978
16657972
16958092
17438373
17020988
16391730
17122917
16804901
16680427
17271781
16302586
17079868
16508916
17507289
16791244
17226153
16661088
17258215
16687855
17461938
16396737
17074565
16659844
17100226
16794744
16673339
17309799
16650157
17332072
16834305
17445737
16441091
17171439
16697125
16971892
17294437
17030586
17060945
17316220
16965501
16032494
17176846
16506516
17342905
17200407
16644786
17321642
16458803
17139897
16690816
17494340
16993957
16325550
16974552
16763988
17240265
16391804
16689592
17068902
16747448
17315000
16849325
17237806
16673034
17315124
16691698
16983056
17275809
17035380
17100199
16997302
16331158
17245875
16451631
16865127
17058401
16509050
17311445
16843020
17470238
16458813
17180550
16687017
17724751
16474428
16798667
16858447
16632182
17378979
17241272
16512387
17336803
16821825
17476369
16476260
17170842
16688087
16958871
16781030
17701481
16476550
15809232
16271993
16722901
16744806
16743342
16708562
16723567
