93281216945
93434780853
93373919531
93523855267
86699930225
93364083898
93069252538
93210825742
92964007200
93093815772
93342823838
93088098338
93022376071
93043828145
93122941210
92888394007
92715553705
90850492650
92159704487
91186090642
90500072497
91964502383
92335543886
83410756494
82457684914
82351767200
81967465553
82230856127
82082650668
82206763090
82120110344
82590956235
82257553938
82030913654
81927604172
81998290270
82267745170
82385848079
82112859081
81706374646
81751536058
81760353177
81605172574
81653759434
81740757165
81625817467
81728624318
81748979931
81769029673
81763889471
81706220135
81632434597
81779178173
81681698864
81745712276
81529121012
81798956724
81716062883
81592735537
81633197850
81786078942
81652408901
81747585813
81624659647
81794763653
81475996682
81689095631
81794498582
81975023090
81617360018
81628562594
81826346589
81992554548
81789551235
81747590266
81556791975
81670613755
81613603614
81531985302
81701299765
81607332540
81732619006
81765587944
81860005212
81706170100
81549619716
81870123161
81769108062
81645246502
81858137871
81829700025
81769507659
81710794813
81708926373
81832524960
81580748614
81587420902
81789221552
81617724594
82043938914
