17599780
15647276
17235290
17687619
16347380
16537201
16864708
16981770
17458116
17086559
17238214
16863620
16878628
16812154
16776814
17318086
16197384
17234210
17201137
17694851
16384394
16828436
17448576
16629058
17087296
17925928
16148195
17498691
17567143
17282012
16322434
16693673
17414010
16491206
17384450
16709968
17728518
17364252
17246658
16856272
17761663
16916499
17488578
16825243
17657757
16674489
16670326
16761719
17337509
17182393
16318193
17634942
15985802
18023941
16623609
17473322
16574946
18022726
16819399
17303185
17188983
17189387
16283891
17387444
16472928
16713583
17357927
16621485
17370946
16810317
17914404
16761601
17222838
17222773
17008507
16333433
16798266
17592007
16724727
16502747
17393439
16609342
17285177
17497971
16664643
17260648
17159895
17243542
17022087
16313594
16708927
17377082
16456717
17378827
16622712
17829772
16797843
17263982
16796601
16974629
17617297
16305383
16681417
17566395
16900832
16900499
16294140
17358504
16815883
17890182
16816686
17298040
17190309
16430885
16704103
17946046
16731795
17185348
16283360
17549540
16437925
17854231
16793937
17333916
17303038
16343301
17388027
16322803
16684803
17425582
16487682
17388687
16639182
17764496
16666997
17326120
16788751
16989254
17551164
16380633
16674081
17704131
16379499
16659194
17402908
16626722
17865739
16659505
17157437
16679694
17234456
16802209
16832547
17334999
16296730
17358664
16799229
16379654
16918259
17475854
16648048
17782366
16664298
17220761
16833299
17022320
17500372
15988297
17838976
16365003
17723344
16641903
17561862
16457384
17804348
16755448
16695513
17074302
17530292
16344918
16564285
17917498
16521363
17397866
16650329
17788188
16453106
17760658
16845514
17191497
16834137
17276472
16327981
17499963
16759286
16470536
17366555
16606238
17891551
16797091
17244974
16815912
17196243
17189296
16278206
17452845
16756926
16410313
16834096
17492214
16652953
17736610
16469757
17721687
16833868
17187386
17216496
17011970
16775694
16349965
16679017
17384736
16635522
17571959
16231342
17763912
16661136
17668293
17112788
17490590
16336358
17337032
16384269
16674351
17407708
16596414
16998396
16866301
16367490
15512042
17963437
18107260
16795563
16985119
17514233
16328279
17391043
15948537
17674284
17242962
16871530
16889154
17360139
16454156
17739964
16797813
17190935
16788073
16827551
17381332
16358010
17339179
16884078
15978466
17624097
16613941
17861334
16411051
17552459
16826070
17217117
16809489
17293155
16309559
17344179
16383728
16850660
17575478
16685718
17828260
16440034
17760661
16784635
17245387
16638220
17373602
16354720
17475288
16939774
16884730
16871069
17097582
16451275
17860145
16415279
17523742
17139797
16578817
17676574
17549756
16861010
16859661
17067605
16480637
17772397
16444919
17724952
16840296
16887289
17375185
16781987
17014688
16896869
16889518
16879920
17074312
16451823
17815436
16438465
17536498
17119493
17367844
16911824
16792585
16167675
17572782
17197338
17059931
17059298
16548780
17717789
16800670
16795891
16907158
17526211
16784317
16389907
17266108
17216961
16865768
16325493
17789543
16459178
17722846
16471903
17769426
16927802
17352241
16783151
16921086
16896123
16906142
16058350
17773800
17063793
17063991
16465045
17575994
17256954
17363661
16319399
17330464
16809904
16532166
17430512
16879377
17090042
17055749
16559568
17779781
16463040
17821283
16323129
17389313
16351378
17332163
16744040
17167452
16886081
17109570
17058742
17336012
16438199
17374909
17586769
16321973
17368089
16347359
17333075
17029925
16886664
16961784
17104202
17218599
16447935
17731934
16478190
17777206
16742328
16302460
17366772
16351957
17341139
16889186
16891043
17160594
17101118
17083562
17194455
16441660
17745835
16817667
17295352
16809711
16363826
17432045
17003239
16877707
17079067
17063003
17100324
17181500
16465899
17785562
16491160
17400082
16335997
17358219
17035528
16879757
16025720
17508577
16805671
17927687
17189660
16464145
17824351
16310962
16911915
17376442
16644934
17408828
16875680
16885553
17071600
17073661
17194637
16439071
17537146
16892102
17948661
16394205
17628339
17183079
17068487
17033668
17193395
16182758
17435965
17002427
17997664
16384819
17176226
17388574
17369833
18073045
16487521
17578382
17712797
16411621
17286005
16801577
17394708
16900937
16208484
18121872
17195281
16494702
17798418
16327430
17393548
16087869
17452617
17011225
17382230
16040934
17576365
16824323
17712165
16462008
17714915
16463041
17837202
16108343
17453595
17524112
17428367
16975004
16956164
17615499
16899906
17917438
16374153
17075438
17432645
17412971
17052909
17165571
17147766
16438957
17907772
16336598
17418459
16379140
17468167
16842118
17611868
17068843
17090635
17180228
17181807
16444777
17611567
16339934
17353710
16364678
17452225
16517021
17410974
16510545
17655899
17181241
17157887
16573191
17623403
16178533
17995490
16388009
17041761
17427902
16542330
17640724
17079844
17195488
17189717
17328392
16078050
17929916
16367213
17257037
16807331
17417333
17114779
17044670
17213959
17214759
16439895
17978897
16097812
17689611
16376374
17422751
16495189
17413222
16672041
17442279
17192284
16429479
17544579
17006390
17962730
16506696
17442475
16880630
17073880
17089031
17118432
17181567
17171358
17210313
16232002
18030638
16485904
17450418
16510871
17618295
17059264
17240884
17201473
17155412
16380403
18009667
16664253
17438869
16525376
17578302
17066960
17180692
17190335
17159230
16445871
17844404
16092290
17687186
16558088
17417997
16541026
17653684
17093624
17183918
17207531
17206546
16069364
17905981
16096795
17587782
16831793
17399406
16481119
17649100
17155047
17208243
17186635
17242085
16044790
17959172
16533330
17563880
16504497
17637332
17065153
17179437
17204446
17243517
16338721
16723239
17950210
16511166
17414331
16764979
17645125
17063839
17186983
17185868
17223370
16099306
17899037
16120788
17430038
16826887
17526074
16693353
17463960
17204584
17180272
17182223
16620322
16709757
17657386
16599157
17498196
16835363
17756357
17218821
17190734
17193933
16981729
16114708
17964275
16157026
17359878
16886754
17595068
16656761
17527488
17212631
16812478
16610426
17914106
16108458
17679261
16153938
17369128
16813605
17384328
16785936
17398736
17219380
17232477
17196058
16781437
16330282
16687258
17649045
16143101
17340804
16276159
17536033
17254687
17468673
17184335
17214455
17167573
16589170
16662701
17646267
16843717
17424170
16530549
17767999
16674027
17217881
16164580
17374871
16960991
17911207
16097560
17627060
16162770
17391656
16387942
17367361
17023777
17448884
16784829
17328884
17219528
17212932
16665609
16728284
16768021
16092906
17742725
16283276
17403301
16644552
17726926
16673934
17372873
17195064
17144061
17158873
16668412
16746470
16932874
16085181
17577455
16281618
16684205
17519434
16824626
17616865
16691546
17246084
17205841
17180250
17315231
16802209
16088758
17561389
16309870
17441332
16821357
17626926
16663336
17348719
16776504
17046697
17613804
16739014
16733179
16335408
16627983
17558137
16280417
17441798
16840092
17607436
16688472
17468227
16801384
17021752
16895590
17350164
17469644
16584137
17394172
16621907
17885121
16802332
17258885
17286237
16300763
17677303
16763798
17395274
16487104
17409484
16808046
17633271
16755263
17226877
17225395
16227987
17469833
17055562
16663281
17534771
16481183
17359381
16649837
17778378
16654756
17234118
16892098
17005076
17519844
16732805
16794610
16478458
16953714
17350178
16807040
17613536
16674803
17399868
16769187
17215347
17183121
17233809
16696148
16103922
17680895
16819656
16743443
16613472
17368284
16806688
18021104
16814368
17007469
17509404
17095951
15953676
17873478
16486160
17391855
16640945
17795874
16678986
17374305
16808133
17007445
17126538
16574448
17891851
16445426
17415818
16855008
17619128
16674307
17350818
16798225
16980029
17528738
16752804
16328561
17360331
15968932
17636072
16454138
17388723
16858671
17606825
16670188
17213508
16764743
17023223
17471940
17104460
16804531
16799847
15940510
17665776
16497391
17481871
17035353
17456807
16808560
17315417
16818311
17245896
17039938
16770962
16815497
16800094
15702177
16992971
16540019
17678576
16607190
17336245
17041971
17512964
16645790
17239191
16793254
17204155
17236408
16827395
16792024
16785276
16799376
16712211
16590565
17326899
16841340
17840828
16657985
17211759
16899187
16817019
17304959
16739232
16782637
16312672
16697877
17419141
16474224
17378935
16629237
17774761
16799404
17272265
16805129
17023989
17481744
15969214
17877215
16585318
17369968
16606436
17571032
16418630
17954408
16789384
17028802
17125979
17327087
16755683
16783595
16351647
16726709
17371907
16622228
17466608
16606811
17880818
16684783
17241691
16777059
17230060
17067849
16308880
17382353
16785921
16803062
16836391
16638976
17337959
16804517
17911890
16777675
17222005
16791345
16838487
17376333
16779907
16320724
16879177
17575932
16604890
17605368
16664819
17417580
16690976
17248360
16796097
17217588
16687662
17511309
16794084
16790474
16718954
17201942
16868971
16300762
17753912
16478474
17741238
