6611568491
6636309028
6612499990
6611425820
6612204635
6615051651
6611632128
6611282107
6614192776
6609162333
6615476707
6607832990
6609524118
6609151162
6609552258
6607811212
6611171238
6608796258
6610381362
6609504100
6611129113
6609107481
6610643414
6612325212
6611020028
6606602480
6607641118
6613844381
6607827500
6611358732
6611928295
6612256078
6609176670
6609053266
6612311416
6613501811
6609850559
6606519098
6610955320
6611932277
6605339543
6611456830
6611355757
6614294186
6609011155
6609459738
6613931376
6609749424
6611711135
6612826665
6611582362
6607727194
6610569267
6610783613
6610927392
6609596540
6611291775
6608821024
6607631632
6612105406
6612008916
6610597413
6609535026
6611876383
6610157192
6609882822
6608405155
6613030816
6611519114
6610728336
6613261658
6610809396
6609980021
6608526157
6610652372
6610460994
6607171235
6608763347
6612937679
6608152311
6610718322
6612462802
6610517076
6608806497
6609770122
6610616543
6613852963
6609134174
6611241078
6610826316
6610207027
6608153955
6611791060
6613096384
6605556050
6611790419
6609913521
6611260111
6609270035
6611123693
