22557115
9728864
12304308
13208841
12176779
11153374
10927852
12487612
10831245
13796160
13227135
12973514
13124730
12382225
10893228
12362963
12626551
12868787
13360956
12954614
12999449
13191388
11471751
12294840
12726940
13027059
12464502
13359685
13282979
13632536
13659835
12764054
12486520
13356702
12449579
10297145
10199827
11172620
12341013
12932673
12792422
13121146
12782405
12663266
12844275
10294029
12189345
12406811
12460718
12884704
10082978
9788734
11270472
11149389
12463583
11090123
13683039
12289051
13433275
13586120
12548077
12640642
12909317
11217459
13149060
13393673
13672576
13439090
12552058
10611381
10477180
11206643
13195060
13499882
13376897
13438651
11836613
11768903
11636524
11100577
10815281
13898818
13663037
14036563
13245139
12786650
10283966
10852455
12897255
12489883
13264266
13401198
12934685
10943133
12702708
11651679
11327545
13097535
12490284
13230671
12339337
11586168
11624287
11596482
10211745
10868641
13590071
13653413
13821235
13837829
13841436
13788855
13783412
12953093
12494052
12454330
11336267
12227483
12418957
13488641
13832910
13827004
12964373
10385200
10850575
11193407
12411429
13104342
12900344
12453603
11555359
10478727
11419033
12364835
10999102
14362196
11958704
12755556
13126041
12013936
11056144
12272320
11384593
10168100
13209473
12866282
13481470
13479567
12668152
10405842
10507175
11287203
12117799
12914795
12979139
12522447
11596236
10479163
10819151
11299387
11150713
12745349
12502692
12995012
12551053
10420587
11540764
11382196
11141466
12992504
12424925
13776949
13652463
11097065
11163596
11847341
11548352
11049395
13282393
12860801
13571294
13188349
12457196
10183386
10553420
11182153
12280303
12952829
12457007
13346367
11210326
11181088
11686483
11583783
11328120
12647597
12393086
12365194
12399137
11217689
11608378
11512605
10215956
13492103
12697320
13299370
13339062
13494702
13488431
13478725
13386171
12994632
10407269
10882939
11539032
13304222
13398165
13482223
13392329
12564378
12941992
12870069
13484624
12589404
10385889
10881554
11286215
12295475
12474941
12862073
12444818
11584308
10542415
11298694
11388378
11300166
12707896
12530704
13000963
12657093
12554897
11668050
11877615
12873986
12695834
12912471
12453889
12382507
12955815
12531785
12454902
12443960
12949242
10380417
11116410
11146652
12562285
12952509
12406021
13324831
12477003
12850566
10095646
11084782
11166484
12730263
12978452
12873325
13403844
12447645
10217744
10844677
11242394
12219726
13763570
13757945
13734310
11723093
11192227
11102457
11468736
11597977
12816714
13864585
13695395
11510367
11534279
11577239
10325505
10513134
12516906
13076342
13386241
13310094
11700722
11886160
12258655
12319133
10712313
13433250
13240086
13387785
13507252
12121369
12784230
11114799
12350218
12311219
12177703
12503971
12649796
12549216
11536500
10237811
10979670
11175723
12577452
12633860
12853817
12934876
12408084
10318910
10478752
11266477
12201231
12895990
12854084
13262642
12626793
12377517
12380159
10301566
11159273
12229270
12545594
12888575
13096565
11841353
10218888
10438601
11368929
12348024
12552837
12457595
12440786
12034686
10240026
11157141
11357013
11180283
12358001
12472964
13796225
12744830
10659554
11144593
11373854
11071910
11576845
12756853
11428497
12159481
12387619
11242831
11221044
11659315
11646922
12282940
13248252
12366283
12881288
12252720
12516416
12438739
10659593
12466004
13437683
12828970
13388252
13003577
12237947
10945852
12444296
10327348
10818201
12773562
12355981
13263728
13581904
11308284
12143808
12013273
10301241
12136639
12764600
12700857
13776496
13021236
12990566
9949510
11251642
11305268
12980592
12745638
12633465
13478577
12585180
10329801
10844920
11352081
12586257
12623493
12843291
12490496
12892553
11444511
11270144
11625760
11580304
11460899
12592325
12388421
12532787
12810510
12398273
13191309
13503726
11469381
12210140
10616151
10596905
12491165
12562598
13705771
11595082
12249400
11686817
11880475
10573452
10810476
14210774
13479006
13455418
12831031
11382734
11421245
12121115
11860747
11232168
12912102
12882367
13476919
12359779
10379474
10254650
11215286
11196730
12706193
12459910
12782190
12265039
11074356
11535432
10623588
10641945
12591438
12936492
13736767
13833732
11162149
11484168
11534074
10256123
10809561
13763829
13612447
13660789
13203598
12407589
11655077
11596802
12371434
13645081
13611686
13613257
13638921
13621394
13598963
13627036
13153652
12398325
11257823
11821063
11611137
13260181
12891288
11882869
12496127
11608443
11112810
11416337
11568530
10186549
12519133
12850255
12513255
11926752
11142150
11511795
10607648
10306286
12461247
13381584
13729978
13348222
12756538
11232696
10709562
11141164
11148199
12494372
12833964
13793363
13634191
12897520
10215143
10881146
11058673
12233076
12796671
12436295
12473352
12821006
11116924
10946985
11346056
11230865
12589265
13321804
13339737
13283815
12555004
12990264
10384679
12340283
12428694
12768121
13721002
12396598
11035786
11487390
12293248
10869200
12163922
12009893
12967937
12881409
12881743
12504974
12440876
13494851
13428204
12758184
11773426
10388465
11203227
12791034
12233997
12256673
12864221
11695850
10639867
10360096
11201062
11176603
12907086
12436023
12460305
12786629
13763217
13776821
11850685
11688917
11675785
10186821
10909967
11086564
12154721
12634295
12536135
12822604
11892636
11069717
11173984
11526541
10274068
13221033
13214604
13531024
13675038
13745838
13785404
13817619
13207165
12486388
12538516
11608693
10427204
12760493
12236073
11995990
12711659
11913501
12405178
10221134
10581082
11277195
12182016
12942853
13009592
13720649
12403652
11532952
10318542
11389436
12765787
11969698
13354493
13699312
11839465
11675440
10185698
10795409
12400230
12305441
11085971
12627053
13321245
12458684
10397503
10810481
11228442
12368258
12684946
12848115
12453759
11730142
10385439
10886476
11256077
11170341
12640024
12471821
12791272
11556691
10626480
11139366
11098093
11502487
12256748
11487621
11927735
12537678
12500018
11113848
11440037
11484137
10272795
12390902
12503706
12544520
13054263
12080026
11184303
11531465
10292762
10767521
12904606
12708842
12398170
12037915
11965639
11785332
10437967
10852954
13671285
12742234
12139872
13109800
12147818
10774470
11242798
11330953
11878948
13080940
13999561
14853986
13267641
12696768
12761743
11647942
10913892
13214891
12877844
12645401
12970727
11031818
11855618
12325200
10095869
11218938
13501117
13631175
13570614
13512022
12744138
11502061
11709431
11636934
11186382
11754324
13656471
13086788
12391336
10289798
10878905
12560321
12653621
12267166
12356296
12753897
13087417
12216030
10584893
10523117
11462228
12360437
12359280
12686153
12995975
12105194
11901426
10498941
11355310
12981702
13988464
14014800
13994046
12769528
10581826
10527475
12786252
12928011
12407919
11917303
12748868
12858011
12561757
10288986
10865573
11122327
12124408
12617607
12709940
13070046
12553791
10261421
10860952
12564631
12672954
11965846
13407310
12514446
12822748
12133321
10205592
10924577
11202542
12214812
12475842
12739716
13436735
12366343
11540899
12532570
11041998
12192195
12463517
11244542
12795970
13169370
13786547
13849286
13464207
13200008
12666225
12465367
12468561
10345359
12954190
12750644
12781342
12525559
11276324
11686270
11627599
10361674
12672616
13806685
13880101
13642234
12775750
12484327
10271796
10800136
12423765
12289269
13061928
13454712
12643460
11776374
11685208
10350882
11116921
12789479
12336788
12241641
12734904
12145739
12560076
10471191
10754234
12512600
12877864
13610356
13625771
13228212
11109819
11896032
11635655
10360726
12652378
12413757
12637791
12387620
11395848
11504038
11870397
10379298
11157532
13720590
13975213
12390602
11623285
13366507
13530258
12791694
12974770
11677568
10372480
10808715
11390007
12185250
12295466
12808798
13347571
12800668
11685456
10393595
11109413
12786321
13651346
13689858
13785460
13079645
12540218
11233018
11850079
10191531
12165203
12820916
12846066
13688491
12416234
12408044
10328220
11359340
12223566
12045103
12477288
12990557
12864783
12555188
10370861
10881110
12637692
12930745
12429633
12078816
12155503
11364429
11258243
11568610
11732783
12821562
13596318
13882511
12191579
11617102
11656789
11749769
10393205
11626787
12705942
12182366
11999163
12748880
11556273
10148447
10953630
12547103
12616161
12222495
13118266
12568195
12136500
12586920
12571634
10369020
10975585
13831235
13771713
13781102
13431596
11273402
11291027
11706893
11677253
11260012
12079481
12861570
12868566
11486235
11288026
11678355
10365658
10524563
12958471
13743688
13834486
13352213
12594359
10393233
10848623
12579364
11326562
12031381
12823689
12811340
11220203
11305299
11712747
10334617
10555321
13813777
13803178
13814832
13318524
12616078
11682222
11243287
12327068
12889847
12901463
14061408
13785053
12812334
10605671
10850837
12826417
13918904
14028874
14007969
12977136
11268754
11277034
11753069
11759003
11202720
12482740
13711354
12865306
12919690
12419744
10248212
10619464
11225619
12106551
12756520
13366827
