13636666
10482812
11630625
11307291
9135416
11702604
10418229
10745312
13650000
11982395
12878854
12357604
11631770
10381562
11661250
12474895
11792812
12943333
11728854
12580833
12181145
11860208
10417812
11333229
12535729
9101666
12408437
12226770
12636875
12619687
11710729
10460937
11766458
9085416
9982916
13281770
12178125
12150833
11785937
10425000
9083333
10448645
10308645
10780833
12349375
11742083
12672604
12211250
10414687
11773333
10460208
10002187
10451770
13539583
12478229
11339791
12588541
12604375
12259375
12264375
12708020
10440416
11785625
12234895
10451354
12477916
12247500
12758437
11753125
12531562
11707500
13255104
12241041
12239895
10004895
10319375
10676458
10977604
11417187
11764375
12488958
11728645
11353437
12664166
12617916
12624583
11702291
10391875
12203750
10266041
11023645
11058854
11271562
12539270
11398437
12198020
11433645
12281458
12212187
11733020
11248020
11561562
9089583
9960520
10480729
12474270
11350312
10886562
11598645
10501041
9097708
10366250
10378645
10394375
12473750
11839479
12371666
12233958
10414062
11545312
11670104
9096770
10268958
12001145
11721979
11552604
11765000
9488229
9976354
10633437
11066770
9080833
12102500
11812395
11348437
11281562
10945937
10373854
9083958
10371354
10267291
12054062
11421562
11757083
11285104
10992604
9965104
10619479
10751770
9081770
12413437
11722083
11297083
11273020
11231562
9097604
9957083
10737812
10453854
11734375
12084791
11303437
11583437
11466875
11389270
9092604
10310937
10434479
11926875
11423020
11311458
11251145
11813020
11301041
9065729
10454687
10435416
10774583
12728020
12609583
12638437
11889687
10444791
10394375
10835208
10601562
12642187
13037395
12167604
11878958
11887500
10419062
9088020
11897916
9074166
9996562
12660416
11411562
11242500
11780937
10427500
9083229
10599062
10416979
11126354
11472083
12640625
12506250
12199791
10471875
10311666
10328125
11098437
9086770
10930312
11795208
11693020
12221458
10932291
11409895
12486562
11767708
10366145
13850312
12184895
12597812
12239062
11326354
10375416
12431666
11666979
10378854
13720416
12251458
12623333
12230520
10488645
10369895
10378958
10263437
11330833
11994479
11378020
11727500
10965000
9998958
9073645
10279791
10379687
9077395
13319895
11838854
11330625
11350937
10818020
10365208
9087187
11712291
10875416
10776875
10501145
12221770
12643229
11700729
10259375
11664687
9092395
10617708
12265312
11445937
11574583
11362916
12188750
9080833
10515833
10634583
10384062
12178750
11337916
10033541
11430833
11737187
9966458
10624583
9081562
9968020
10437395
11357916
11798541
11369583
10423437
9533645
10314687
10320000
9884479
9077604
13053645
11343437
12650208
12275416
9987083
10319375
10690416
10791354
9105208
12597187
10517500
12213958
12648958
11348437
10429583
10686145
9083229
9978333
12408437
11390416
11818437
11369583
9484375
9995000
9991875
10794895
10804687
12096666
10070729
12220937
12592083
11707708
9090312
10003333
10451562
11497708
12282291
12148541
12171458
11615729
11342708
9081041
10008854
10444895
10321458
12527708
11319687
12331666
12581145
10521562
11763229
10457708
12569270
10788958
10820937
11482291
11714375
12641979
9495208
9999583
10772604
10785729
9077708
11700208
11901145
12193125
12636145
11724791
10387500
11051354
9076354
10362604
11859687
11782812
11343645
12221979
11776875
9084062
10257083
10729583
10734895
12094895
10036458
11458854
11733958
11297604
10376250
10637083
9090833
10625312
11379375
11727500
11742500
11307187
11295833
10376875
11593125
9099270
12496562
11701666
12999375
12160000
12609895
11739270
11244583
10829375
9071354
10762916
10266354
12573854
12248333
12626145
12719479
12190625
11766250
11354166
11348333
9090520
10254062
10742291
10726562
9081562
12559895
11448958
12589375
12612083
9093020
10258437
10637812
10733229
9089166
12552187
11758541
12654479
11703229
11245000
10383125
10280625
10618541
10792083
12452083
11848125
12208437
11710625
10441145
11671041
9088437
9983541
10434687
12570104
11751250
11346875
12233229
10741145
11309895
12111041
9076770
10435312
11899375
11766145
11819062
11344270
9497812
9956875
10450416
11214583
10428958
10690625
10877708
11350520
11372916
11186666
10416458
9085416
10441666
10424895
12078750
11334375
12645625
12628229
11716875
10336875
11714895
9100104
9984583
12239895
11288541
11593854
11422395
10545833
9081145
10450833
10420104
11119062
11651770
12175000
11586979
11747291
11774270
11311875
9093437
10468958
10425208
12157395
11803541
12628125
12417083
10495625
11313854
9082291
10001770
10424479
12045208
11752708
11348229
10414583
9939375
9986250
10828333
10444895
9083020
12536458
12663125
12243645
12309479
10611979
9089375
10260104
10740937
10635937
11648333
11881354
11339895
12625312
11861979
10266979
9977187
10731145
10365000
12340208
11759375
12383020
12261250
10879687
11258750
9068958
9968541
10385208
12280000
11355104
11354479
10418125
10942187
9973958
10379375
11217187
9085937
12483750
11437083
11381250
12694791
10869583
11684479
11199166
10366145
12099166
12955729
12067812
12161979
11719479
11765937
11719166
10376145
12089062
11191979
10742395
11734895
12591875
12193750
12152187
9089375
10367916
10271770
10723020
11763958
10415000
12628333
12640208
11780625
9999270
10312291
10659375
10428333
12051666
11436666
11357604
11368020
10864687
9995833
10676041
9088645
9994375
12148229
11891250
11287708
11354583
12169687
11394583
9093125
10325729
10437395
12048125
11880208
11297395
11614791
11519791
11396979
9082916
10314062
10529375
12101458
11733229
11351250
10429687
11788854
9999062
10443958
11129375
9091666
10430937
11899687
10896770
11594479
11813958
9095000
9078645
10440520
10422604
10780729
12496770
10418333
11467812
11733333
10393020
10441145
10784375
9085104
10314583
12194687
11638958
11327708
12639062
11701145
10312604
10698645
9090208
10679791
12533125
12378541
12175729
11741250
11338854
10422083
10329791
10782083
9082708
12308750
11321562
12616458
12237291
10082916
11293333
10375833
10733333
10730833
12372187
10414062
11760104
12254583
11245937
9087187
11710312
9077291
10390312
12623645
11354791
11745833
11366145
9547500
9097500
10370937
10381979
10727708
10897187
10877604
12619583
12244375
11697395
9092500
10261666
10364062
10719062
12561979
10402604
11434270
11424375
11720416
10373750
10611354
9093750
10025104
12073437
11911041
11753020
12228020
11405208
9086041
10269062
10619687
10721562
12097083
11308750
11565104
11542500
10880416
10301458
9994583
10801979
10381979
12323437
11813958
10393125
10728229
11962500
11256770
11658750
10459166
12531250
13303020
12210729
12117500
12183958
11101145
11385937
12320104
9090625
10541562
11676666
11465312
11360208
12693437
11809583
10389166
11753750
9111979
9992187
12232916
11273020
11821250
11754687
10898125
9095104
10315312
10416875
11094687
11852604
10417291
11820937
11307395
11392291
10469166
11126354
9075520
12264270
12222812
13420208
12271979
12182187
12580104
10430729
12195520
9105833
11249375
11183750
12652812
11738125
12427916
12211875
11699375
10480416
12221666
10220729
9074270
12535625
11724791
11308333
11520104
11681354
11408645
9101145
9966875
10376979
12732395
12638125
12222083
12232916
9972291
9953333
10608645
10736145
10730729
11887500
10068229
12225833
12642916
11657187
9090000
10257187
10604687
10727395
12122083
12606875
12429479
12256041
10415520
11532708
9090104
10268437
10378958
12434583
11762604
11362708
10414895
9627187
10266354
10262083
10741875
9082395
13021666
11358125
12322187
12176250
10360104
11258750
9082708
9963333
10373645
12749166
11348229
12644062
12621458
11263125
9090104
9955104
10388333
10743750
12257812
11460104
12681041
11718958
10366562
11676354
10379166
10606458
9090312
12206145
12209375
12689479
12621979
9970000
10381770
11711875
9088437
10392500
12656458
11361041
11753541
11337708
9475104
9096145
10670312
10318958
10795416
12480000
10415520
11418437
12612604
11693854
9092812
10327604
10665104
10812812
12140520
11731041
12234479
11599479
10428020
11578125
9086250
10303333
10429687
12470520
11702395
12187187
12197291
11308854
12646250
9083958
12205937
13117708
11323229
11729375
12615937
12238958
10889270
9090312
11221875
10435104
11134583
12006666
10428125
10591562
11730312
10395625
10431562
11117916
9087916
10456145
12204375
11286458
11470937
11737395
9467291
9991458
10330208
10809583
10792291
11684479
12476354
11347083
12245729
11751458
11728645
10391354
10734791
9078854
12181145
11763645
12705416
12645729
9972500
11542187
11837916
9083437
10534479
11963541
11626666
11736458
11369791
10034791
9968125
10581041
10260625
10722604
11627500
10352395
12226875
12629062
11677708
10271145
10273541
10597604
10749479
11962187
11747916
12222916
12510000
10503541
11312604
9085416
10026770
10397604
12485833
11813333
11358437
10416666
10952083
9950833
10365208
11043750
9092812
12075312
11354791
11313645
11810833
10902395
9088333
9971041
10373958
10367083
12083541
11338750
12232812
11724791
