3142905416
2925608229
2925681562
2932285000
2928457604
2929555416
2924253020
2926009479
2944042500
2947611458
2947440000
2945966770
2948764583
2947292708
2945749895
2944048645
2946292447
2929387604
2938296770
2946008854
2945258333
2948491666
2948203541
2941451979
2951994270
2943200625
2944605625
2947902187
2951425104
2944946875
2943420208
2940364895
2946419791
2942106250
2945126875
2942537916
2946356145
2941139895
2937681145
2942405625
2940920833
2941578645
2946894583
2943687812
2944475833
2945393750
2944963541
2946883333
2946844166
2943777187
2948855833
2943317291
2940644479
2946188958
2944369479
2947029583
2942378125
2948416979
2930871041
2948690312
2947933437
2942284166
2946622083
2945485729
2946483125
2944969479
2947039583
2946728854
2943102812
2943283333
2944493645
2946726458
2941929166
2946819791
2941904895
2938613541
2944891562
2947893229
2944850833
2950434062
2949243333
2945890416
2947964687
2945729166
2944865729
2944180833
2943764375
2947722500
2945262395
2943555520
2944798437
2945751458
2945830677
2946626354
2941671145
2945177291
2945017916
2948470208
2943329479
2930776666
